194 3 1
195 3 3
196 3 3
197 3 10
198 3 5
199 3 0
200 3 7
201 3 10
202 3 7
203 3 0
204 3 8
205 3 4
206 3 10
207 3 3
208 3 9
209 3 10
210 3 7
211 3 2
212 3 4
213 3 1
214 3 8
215 3 4
216 3 1
217 3 8
218 3 2
219 3 1
220 3 8
221 3 7
222 3 0
223 3 10
224 3 10
225 3 7
226 3 0
227 3 2
228 3 0
229 3 5
230 3 1
231 3 9
232 3 6
233 3 5
234 3 -1
235 3 10
236 3 7
237 3 3
238 3 2
239 3 2
240 3 6
241 3 5
242 3 0
243 3 8
244 3 10
245 3 10
246 3 -1
247 3 7
248 3 0
249 3 10
250 3 6
251 3 5
252 3 5
253 3 10
254 3 3
255 3 2
256 3 3
257 3 4
258 3 4
259 3 0
260 3 5
261 3 10
262 3 0
263 3 3
264 3 10
265 3 4
266 3 7
267 3 4
268 3 0
269 3 -1
270 3 6
271 3 8
272 3 5
273 3 4
274 3 4
275 3 7
276 3 7
277 3 -1
278 3 2
279 3 2
280 3 10
281 3 2
282 3 10
283 3 2
284 3 10
285 3 5
286 3 8
287 3 7
288 3 1
