375 5 6
376 5 8
377 5 3
378 5 -1
379 5 6
380 5 9
381 5 1
382 5 8
383 5 0
384 5 4
385 5 8
386 5 7
387 5 10
388 5 10
389 5 4
390 5 6
391 5 4
392 5 0
393 5 1
394 5 10
395 5 3
396 5 -1
397 5 4
398 5 10
399 5 10
400 5 4
401 5 9
402 5 -1
403 5 -1
404 5 0
405 5 6
406 5 3
407 5 2
408 5 8
409 5 -1
410 5 0
411 5 3
412 5 6
413 5 2
414 5 6
415 5 1
416 5 7
417 5 5
418 5 5
419 5 4
420 5 2
421 5 2
422 5 4
423 5 4
424 5 3
425 5 7
426 5 6
427 5 8
428 5 5
429 5 9
430 5 -1
431 5 6
432 5 7
433 5 3
434 5 5
435 5 -1
436 5 9
437 5 0
438 5 10
439 5 -1
440 5 3
441 5 5
442 5 5
443 5 3
444 5 2
445 5 8
446 5 4
447 5 5
448 5 -1
449 5 2
450 5 0
451 5 -1
452 5 10
453 5 8
454 5 8
455 5 10
456 5 -1
457 5 7
458 5 5
459 5 5
460 5 1
461 5 1
