1 1 7
2 1 0
3 1 2
4 1 4
5 1 3
6 1 4
7 1 1
8 1 10
9 1 4
10 1 1
11 1 9
12 1 0
13 1 1
14 1 10
15 1 6
16 1 1
17 1 9
18 1 3
19 1 8
20 1 8
21 1 8
22 1 9
23 1 -1
24 1 7
25 1 4
26 1 4
27 1 8
28 1 7
29 1 3
30 1 -1
31 1 6
32 1 -1
33 1 0
34 1 -1
35 1 5
36 1 5
37 1 10
38 1 3
39 1 4
40 1 4
41 1 0
42 1 9
43 1 10
44 1 3
45 1 4
46 1 2
47 1 4
48 1 6
49 1 -1
50 1 8
51 1 2
52 1 3
53 1 5
54 1 1
55 1 4
56 1 5
57 1 2
58 1 3
59 1 0
60 1 2
61 1 8
62 1 10
63 1 5
64 1 10
65 1 6
66 1 6
67 1 0
68 1 4
69 1 6
70 1 4
71 1 -1
72 1 1
73 1 2
74 1 4
75 1 10
76 1 8
77 1 8
78 1 10
79 1 10
80 1 1
81 1 4
82 1 9
83 1 2
84 1 -1
85 1 9
86 1 0
87 1 9
88 1 4
89 1 4
90 1 8
91 1 10
92 1 -1
93 1 5
94 1 3
95 1 -1
