375 5 1
376 5 9
377 5 5
378 5 7
379 5 8
380 5 5
381 5 7
382 5 0
383 5 0
384 5 2
385 5 0
386 5 4
387 5 8
388 5 2
389 5 2
390 5 5
391 5 5
392 5 3
393 5 8
394 5 2
395 5 2
396 5 9
397 5 3
398 5 1
399 5 0
400 5 9
401 5 1
402 5 1
403 5 9
404 5 9
405 5 8
406 5 1
407 5 5
408 5 7
409 5 3
410 5 10
411 5 8
412 5 3
413 5 2
414 5 9
415 5 7
416 5 8
417 5 7
418 5 0
419 5 6
420 5 3
421 5 6
422 5 10
423 5 2
424 5 7
425 5 9
426 5 3
427 5 1
428 5 -1
429 5 9
430 5 6
431 5 -1
432 5 10
433 5 2
434 5 8
435 5 -1
436 5 9
437 5 5
438 5 10
439 5 0
440 5 10
441 5 0
442 5 10
443 5 10
444 5 0
445 5 3
446 5 -1
447 5 2
448 5 8
449 5 3
450 5 1
451 5 1
452 5 7
453 5 8
454 5 9
455 5 4
456 5 7
457 5 4
458 5 -1
459 5 10
460 5 4
461 5 6
