96 2 4
97 2 5
98 2 1
99 2 10
100 2 0
101 2 2
102 2 1
103 2 2
104 2 3
105 2 9
106 2 10
107 2 8
108 2 4
109 2 7
110 2 0
111 2 5
112 2 1
113 2 7
114 2 4
115 2 8
116 2 7
117 2 9
118 2 -1
119 2 -1
120 2 2
121 2 9
122 2 10
123 2 0
124 2 7
125 2 7
126 2 2
127 2 3
128 2 6
129 2 10
130 2 10
131 2 -1
132 2 2
133 2 10
134 2 9
135 2 10
136 2 0
137 2 7
138 2 6
139 2 7
140 2 7
141 2 7
142 2 2
143 2 3
144 2 2
145 2 0
146 2 -1
147 2 4
148 2 9
149 2 0
150 2 -1
151 2 7
152 2 -1
153 2 9
154 2 1
155 2 0
156 2 10
157 2 5
158 2 6
159 2 4
160 2 7
161 2 3
162 2 1
163 2 3
164 2 8
165 2 5
166 2 -1
167 2 4
168 2 9
169 2 7
170 2 5
171 2 6
172 2 7
173 2 8
174 2 8
175 2 0
176 2 5
177 2 3
178 2 3
179 2 5
180 2 9
181 2 4
182 2 1
183 2 3
184 2 2
185 2 6
186 2 6
187 2 -1
188 2 -1
189 2 6
190 2 4
191 2 10
192 2 1
193 2 10
