194 3 8
195 3 9
196 3 8
197 3 7
198 3 3
199 3 8
200 3 10
201 3 5
202 3 5
203 3 3
204 3 9
205 3 4
206 3 7
207 3 5
208 3 2
209 3 6
210 3 1
211 3 10
212 3 8
213 3 6
214 3 0
215 3 10
216 3 1
217 3 5
218 3 2
219 3 2
220 3 0
221 3 1
222 3 0
223 3 8
224 3 -1
225 3 4
226 3 3
227 3 1
228 3 1
229 3 9
230 3 8
231 3 2
232 3 -1
233 3 6
234 3 2
235 3 8
236 3 0
237 3 -1
238 3 2
239 3 6
240 3 6
241 3 6
242 3 2
243 3 6
244 3 9
245 3 5
246 3 4
247 3 7
248 3 9
249 3 0
250 3 1
251 3 2
252 3 -1
253 3 7
254 3 6
255 3 6
256 3 10
257 3 1
258 3 7
259 3 6
260 3 2
261 3 6
262 3 7
263 3 7
264 3 6
265 3 0
266 3 5
267 3 0
268 3 3
269 3 9
270 3 4
271 3 6
272 3 5
273 3 1
274 3 10
275 3 0
276 3 8
277 3 0
278 3 3
279 3 8
280 3 3
281 3 2
282 3 1
283 3 9
284 3 9
285 3 -1
286 3 0
287 3 2
288 3 0
