375 5 5
376 5 0
377 5 5
378 5 4
379 5 8
380 5 10
381 5 1
382 5 8
383 5 1
384 5 3
385 5 4
386 5 2
387 5 0
388 5 10
389 5 2
390 5 2
391 5 -1
392 5 2
393 5 9
394 5 7
395 5 7
396 5 1
397 5 3
398 5 -1
399 5 -1
400 5 4
401 5 9
402 5 8
403 5 7
404 5 5
405 5 10
406 5 0
407 5 9
408 5 4
409 5 9
410 5 9
411 5 10
412 5 9
413 5 7
414 5 1
415 5 -1
416 5 8
417 5 7
418 5 2
419 5 6
420 5 3
421 5 9
422 5 7
423 5 5
424 5 5
425 5 10
426 5 2
427 5 3
428 5 0
429 5 10
430 5 10
431 5 3
432 5 5
433 5 6
434 5 1
435 5 2
436 5 0
437 5 8
438 5 -1
439 5 -1
440 5 2
441 5 10
442 5 3
443 5 9
444 5 3
445 5 8
446 5 10
447 5 5
448 5 9
449 5 -1
450 5 1
451 5 -1
452 5 8
453 5 8
454 5 1
455 5 0
456 5 0
457 5 0
458 5 -1
459 5 2
460 5 5
461 5 6
