96 2 9
97 2 -1
98 2 2
99 2 -1
100 2 9
101 2 1
102 2 -1
103 2 5
104 2 9
105 2 10
106 2 1
107 2 8
108 2 1
109 2 -1
110 2 3
111 2 10
112 2 2
113 2 8
114 2 -1
115 2 7
116 2 6
117 2 8
118 2 2
119 2 4
120 2 7
121 2 7
122 2 10
123 2 2
124 2 9
125 2 5
126 2 9
127 2 2
128 2 5
129 2 8
130 2 0
131 2 2
132 2 7
133 2 8
134 2 8
135 2 1
136 2 4
137 2 -1
138 2 9
139 2 3
140 2 5
141 2 10
142 2 9
143 2 5
144 2 -1
145 2 5
146 2 3
147 2 5
148 2 0
149 2 -1
150 2 1
151 2 3
152 2 8
153 2 -1
154 2 9
155 2 0
156 2 5
157 2 3
158 2 6
159 2 2
160 2 5
161 2 10
162 2 8
163 2 9
164 2 9
165 2 1
166 2 1
167 2 0
168 2 8
169 2 1
170 2 4
171 2 1
172 2 10
173 2 9
174 2 6
175 2 0
176 2 7
177 2 8
178 2 10
179 2 10
180 2 4
181 2 7
182 2 7
183 2 -1
184 2 0
185 2 1
186 2 -1
187 2 9
188 2 8
189 2 3
190 2 0
191 2 0
192 2 9
193 2 3
