1 1 6
2 1 5
3 1 6
4 1 7
5 1 -1
6 1 8
7 1 4
8 1 9
9 1 0
10 1 7
11 1 8
12 1 8
13 1 5
14 1 7
15 1 2
16 1 5
17 1 5
18 1 6
19 1 10
20 1 -1
21 1 2
22 1 9
23 1 8
24 1 1
25 1 6
26 1 6
27 1 -1
28 1 9
29 1 1
30 1 6
31 1 0
32 1 10
33 1 6
34 1 6
35 1 4
36 1 6
37 1 8
38 1 4
39 1 7
40 1 10
41 1 9
42 1 5
43 1 0
44 1 4
45 1 2
46 1 3
47 1 2
48 1 0
49 1 2
50 1 9
51 1 5
52 1 3
53 1 9
54 1 -1
55 1 5
56 1 8
57 1 5
58 1 4
59 1 5
60 1 0
61 1 4
62 1 10
63 1 8
64 1 2
65 1 2
66 1 9
67 1 5
68 1 4
69 1 2
70 1 4
71 1 4
72 1 9
73 1 -1
74 1 9
75 1 8
76 1 8
77 1 8
78 1 0
79 1 2
80 1 2
81 1 9
82 1 0
83 1 1
84 1 0
85 1 10
86 1 10
87 1 0
88 1 0
89 1 -1
90 1 6
91 1 0
92 1 9
93 1 10
94 1 0
95 1 2
