289 4 8
290 4 10
291 4 6
292 4 1
293 4 0
294 4 9
295 4 0
296 4 8
297 4 0
298 4 10
299 4 9
300 4 6
301 4 7
302 4 0
303 4 2
304 4 8
305 4 4
306 4 -1
307 4 6
308 4 0
309 4 7
310 4 8
311 4 1
312 4 2
313 4 7
314 4 7
315 4 8
316 4 4
317 4 7
318 4 2
319 4 0
320 4 1
321 4 -1
322 4 4
323 4 3
324 4 0
325 4 8
326 4 3
327 4 8
328 4 4
329 4 4
330 4 0
331 4 3
332 4 8
333 4 1
334 4 4
335 4 6
336 4 6
337 4 10
338 4 3
339 4 3
340 4 4
341 4 7
342 4 6
343 4 5
344 4 7
345 4 5
346 4 2
347 4 -1
348 4 8
349 4 9
350 4 1
351 4 8
352 4 10
353 4 -1
354 4 8
355 4 6
356 4 3
357 4 5
358 4 2
359 4 10
360 4 10
361 4 10
362 4 1
363 4 4
364 4 5
365 4 1
366 4 7
367 4 0
368 4 10
369 4 1
370 4 0
371 4 8
372 4 6
373 4 2
374 4 3
