375 5 4
376 5 1
377 5 5
378 5 3
379 5 5
380 5 -1
381 5 8
382 5 9
383 5 0
384 5 9
385 5 8
386 5 -1
387 5 8
388 5 4
389 5 9
390 5 6
391 5 2
392 5 5
393 5 9
394 5 3
395 5 5
396 5 5
397 5 0
398 5 1
399 5 0
400 5 10
401 5 1
402 5 10
403 5 4
404 5 2
405 5 6
406 5 3
407 5 0
408 5 6
409 5 7
410 5 3
411 5 8
412 5 10
413 5 10
414 5 4
415 5 9
416 5 0
417 5 -1
418 5 -1
419 5 6
420 5 6
421 5 3
422 5 6
423 5 8
424 5 5
425 5 5
426 5 7
427 5 8
428 5 8
429 5 8
430 5 -1
431 5 2
432 5 7
433 5 10
434 5 4
435 5 3
436 5 7
437 5 3
438 5 1
439 5 0
440 5 3
441 5 3
442 5 9
443 5 -1
444 5 7
445 5 1
446 5 7
447 5 10
448 5 0
449 5 -1
450 5 4
451 5 6
452 5 7
453 5 3
454 5 2
455 5 7
456 5 0
457 5 5
458 5 2
459 5 1
460 5 9
461 5 0
