1 1 3
2 1 9
3 1 10
4 1 5
5 1 6
6 1 -1
7 1 10
8 1 0
9 1 2
10 1 9
11 1 7
12 1 10
13 1 5
14 1 7
15 1 6
16 1 1
17 1 10
18 1 5
19 1 3
20 1 1
21 1 2
22 1 5
23 1 9
24 1 2
25 1 9
26 1 5
27 1 -1
28 1 1
29 1 5
30 1 4
31 1 6
32 1 1
33 1 0
34 1 10
35 1 10
36 1 10
37 1 0
38 1 7
39 1 7
40 1 1
41 1 0
42 1 1
43 1 6
44 1 0
45 1 1
46 1 2
47 1 4
48 1 9
49 1 6
50 1 -1
51 1 -1
52 1 6
53 1 2
54 1 0
55 1 7
56 1 -1
57 1 1
58 1 10
59 1 1
60 1 3
61 1 6
62 1 3
63 1 4
64 1 6
65 1 0
66 1 10
67 1 4
68 1 0
69 1 3
70 1 2
71 1 0
72 1 4
73 1 3
74 1 1
75 1 4
76 1 4
77 1 4
78 1 6
79 1 4
80 1 8
81 1 0
82 1 7
83 1 4
84 1 10
85 1 6
86 1 5
87 1 8
88 1 0
89 1 -1
90 1 2
91 1 8
92 1 9
93 1 0
94 1 9
95 1 2
