1 1 2
2 1 4
3 1 9
4 1 10
5 1 -1
6 1 0
7 1 0
8 1 3
9 1 2
10 1 10
11 1 10
12 1 9
13 1 1
14 1 5
15 1 0
16 1 5
17 1 10
18 1 -1
19 1 0
20 1 6
21 1 9
22 1 4
23 1 3
24 1 4
25 1 0
26 1 6
27 1 0
28 1 0
29 1 8
30 1 1
31 1 4
32 1 1
33 1 2
34 1 6
35 1 6
36 1 0
37 1 1
38 1 0
39 1 3
40 1 4
41 1 0
42 1 -1
43 1 0
44 1 10
45 1 9
46 1 1
47 1 2
48 1 3
49 1 -1
50 1 8
51 1 -1
52 1 8
53 1 5
54 1 3
55 1 3
56 1 2
57 1 -1
58 1 1
59 1 9
60 1 8
61 1 2
62 1 2
63 1 2
64 1 10
65 1 2
66 1 3
67 1 1
68 1 0
69 1 3
70 1 2
71 1 9
72 1 8
73 1 10
74 1 0
75 1 9
76 1 1
77 1 9
78 1 0
79 1 7
80 1 1
81 1 10
82 1 2
83 1 -1
84 1 9
85 1 2
86 1 4
87 1 0
88 1 0
89 1 1
90 1 4
91 1 7
92 1 3
93 1 6
94 1 7
95 1 3
