375 5 7
376 5 1
377 5 3
378 5 8
379 5 9
380 5 -1
381 5 1
382 5 4
383 5 1
384 5 5
385 5 8
386 5 3
387 5 5
388 5 2
389 5 7
390 5 5
391 5 2
392 5 10
393 5 4
394 5 0
395 5 0
396 5 8
397 5 6
398 5 3
399 5 0
400 5 -1
401 5 2
402 5 0
403 5 9
404 5 1
405 5 -1
406 5 9
407 5 6
408 5 6
409 5 -1
410 5 6
411 5 8
412 5 9
413 5 5
414 5 4
415 5 -1
416 5 9
417 5 9
418 5 -1
419 5 -1
420 5 7
421 5 -1
422 5 3
423 5 2
424 5 3
425 5 4
426 5 0
427 5 8
428 5 7
429 5 2
430 5 8
431 5 4
432 5 -1
433 5 10
434 5 6
435 5 6
436 5 4
437 5 9
438 5 8
439 5 3
440 5 0
441 5 4
442 5 6
443 5 6
444 5 6
445 5 2
446 5 10
447 5 3
448 5 7
449 5 5
450 5 5
451 5 10
452 5 4
453 5 3
454 5 0
455 5 4
456 5 0
457 5 7
458 5 9
459 5 2
460 5 7
461 5 -1
