289 4 3
290 4 0
291 4 6
292 4 -1
293 4 10
294 4 8
295 4 9
296 4 8
297 4 5
298 4 3
299 4 3
300 4 2
301 4 -1
302 4 8
303 4 0
304 4 7
305 4 -1
306 4 7
307 4 7
308 4 7
309 4 0
310 4 3
311 4 0
312 4 8
313 4 2
314 4 4
315 4 7
316 4 1
317 4 7
318 4 8
319 4 2
320 4 2
321 4 1
322 4 8
323 4 0
324 4 0
325 4 5
326 4 3
327 4 1
328 4 5
329 4 0
330 4 3
331 4 6
332 4 8
333 4 7
334 4 -1
335 4 5
336 4 6
337 4 4
338 4 1
339 4 6
340 4 2
341 4 5
342 4 5
343 4 5
344 4 9
345 4 5
346 4 4
347 4 7
348 4 0
349 4 9
350 4 0
351 4 5
352 4 8
353 4 6
354 4 9
355 4 0
356 4 -1
357 4 4
358 4 1
359 4 -1
360 4 4
361 4 1
362 4 8
363 4 4
364 4 3
365 4 8
366 4 9
367 4 9
368 4 1
369 4 7
370 4 6
371 4 4
372 4 4
373 4 4
374 4 0
