1 1 8
2 1 9
3 1 1
4 1 1
5 1 8
6 1 3
7 1 5
8 1 1
9 1 8
10 1 5
11 1 0
12 1 4
13 1 6
14 1 10
15 1 2
16 1 4
17 1 3
18 1 4
19 1 10
20 1 -1
21 1 2
22 1 -1
23 1 2
24 1 2
25 1 0
26 1 8
27 1 0
28 1 -1
29 1 4
30 1 1
31 1 -1
32 1 2
33 1 3
34 1 -1
35 1 10
36 1 1
37 1 2
38 1 10
39 1 4
40 1 -1
41 1 3
42 1 9
43 1 4
44 1 3
45 1 5
46 1 8
47 1 3
48 1 10
49 1 10
50 1 10
51 1 4
52 1 6
53 1 8
54 1 1
55 1 0
56 1 -1
57 1 2
58 1 2
59 1 1
60 1 1
61 1 2
62 1 -1
63 1 5
64 1 8
65 1 4
66 1 -1
67 1 -1
68 1 0
69 1 0
70 1 4
71 1 2
72 1 0
73 1 5
74 1 8
75 1 9
76 1 9
77 1 2
78 1 2
79 1 0
80 1 5
81 1 -1
82 1 5
83 1 2
84 1 -1
85 1 9
86 1 -1
87 1 8
88 1 3
89 1 5
90 1 0
91 1 9
92 1 5
93 1 -1
94 1 6
95 1 10
