194 3 10
195 3 5
196 3 6
197 3 4
198 3 0
199 3 1
200 3 8
201 3 8
202 3 10
203 3 -1
204 3 1
205 3 7
206 3 9
207 3 4
208 3 8
209 3 0
210 3 0
211 3 0
212 3 1
213 3 6
214 3 9
215 3 -1
216 3 4
217 3 4
218 3 10
219 3 0
220 3 7
221 3 7
222 3 0
223 3 9
224 3 5
225 3 1
226 3 10
227 3 0
228 3 6
229 3 7
230 3 7
231 3 -1
232 3 8
233 3 6
234 3 1
235 3 8
236 3 0
237 3 2
238 3 2
239 3 7
240 3 1
241 3 3
242 3 5
243 3 0
244 3 7
245 3 5
246 3 -1
247 3 4
248 3 4
249 3 3
250 3 4
251 3 0
252 3 4
253 3 0
254 3 4
255 3 10
256 3 7
257 3 7
258 3 10
259 3 1
260 3 3
261 3 2
262 3 4
263 3 4
264 3 5
265 3 -1
266 3 3
267 3 0
268 3 4
269 3 6
270 3 10
271 3 7
272 3 9
273 3 1
274 3 9
275 3 4
276 3 10
277 3 9
278 3 7
279 3 7
280 3 2
281 3 3
282 3 1
283 3 5
284 3 0
285 3 5
286 3 8
287 3 6
288 3 4
