194 3 8
195 3 2
196 3 1
197 3 6
198 3 7
199 3 8
200 3 -1
201 3 8
202 3 10
203 3 4
204 3 10
205 3 2
206 3 6
207 3 5
208 3 4
209 3 3
210 3 9
211 3 1
212 3 2
213 3 3
214 3 10
215 3 1
216 3 0
217 3 4
218 3 0
219 3 -1
220 3 5
221 3 -1
222 3 1
223 3 6
224 3 3
225 3 8
226 3 10
227 3 5
228 3 5
229 3 5
230 3 2
231 3 -1
232 3 8
233 3 -1
234 3 4
235 3 1
236 3 7
237 3 -1
238 3 3
239 3 3
240 3 -1
241 3 7
242 3 10
243 3 0
244 3 -1
245 3 5
246 3 5
247 3 0
248 3 9
249 3 5
250 3 7
251 3 4
252 3 2
253 3 0
254 3 9
255 3 4
256 3 9
257 3 6
258 3 -1
259 3 6
260 3 0
261 3 0
262 3 6
263 3 0
264 3 2
265 3 -1
266 3 2
267 3 8
268 3 5
269 3 5
270 3 7
271 3 7
272 3 4
273 3 1
274 3 -1
275 3 -1
276 3 1
277 3 7
278 3 7
279 3 -1
280 3 10
281 3 2
282 3 4
283 3 9
284 3 1
285 3 1
286 3 4
287 3 8
288 3 10
