1 1 6
2 1 2
3 1 10
4 1 7
5 1 10
6 1 5
7 1 6
8 1 7
9 1 3
10 1 6
11 1 4
12 1 3
13 1 9
14 1 9
15 1 9
16 1 9
17 1 2
18 1 1
19 1 -1
20 1 -1
21 1 9
22 1 4
23 1 8
24 1 1
25 1 7
26 1 7
27 1 6
28 1 1
29 1 7
30 1 7
31 1 -1
32 1 6
33 1 -1
34 1 9
35 1 4
36 1 2
37 1 9
38 1 8
39 1 8
40 1 10
41 1 8
42 1 1
43 1 10
44 1 1
45 1 -1
46 1 0
47 1 5
48 1 -1
49 1 4
50 1 2
51 1 6
52 1 4
53 1 -1
54 1 10
55 1 8
56 1 0
57 1 2
58 1 2
59 1 -1
60 1 -1
61 1 1
62 1 10
63 1 9
64 1 3
65 1 -1
66 1 0
67 1 9
68 1 6
69 1 7
70 1 1
71 1 7
72 1 2
73 1 1
74 1 0
75 1 10
76 1 3
77 1 9
78 1 9
79 1 -1
80 1 5
81 1 -1
82 1 4
83 1 10
84 1 10
85 1 2
86 1 7
87 1 2
88 1 7
89 1 7
90 1 2
91 1 -1
92 1 7
93 1 5
94 1 6
95 1 -1
