194 3 3
195 3 3
196 3 9
197 3 0
198 3 4
199 3 5
200 3 2
201 3 5
202 3 2
203 3 5
204 3 9
205 3 6
206 3 9
207 3 6
208 3 2
209 3 10
210 3 5
211 3 10
212 3 8
213 3 8
214 3 6
215 3 3
216 3 4
217 3 6
218 3 2
219 3 1
220 3 7
221 3 5
222 3 0
223 3 10
224 3 5
225 3 4
226 3 4
227 3 8
228 3 3
229 3 9
230 3 0
231 3 5
232 3 0
233 3 7
234 3 6
235 3 9
236 3 4
237 3 9
238 3 7
239 3 4
240 3 10
241 3 8
242 3 9
243 3 -1
244 3 4
245 3 4
246 3 0
247 3 8
248 3 5
249 3 9
250 3 7
251 3 2
252 3 7
253 3 5
254 3 10
255 3 10
256 3 6
257 3 3
258 3 8
259 3 9
260 3 10
261 3 6
262 3 8
263 3 8
264 3 1
265 3 0
266 3 5
267 3 3
268 3 1
269 3 10
270 3 7
271 3 7
272 3 9
273 3 1
274 3 4
275 3 1
276 3 2
277 3 3
278 3 4
279 3 7
280 3 2
281 3 4
282 3 1
283 3 5
284 3 5
285 3 9
286 3 8
287 3 2
288 3 9
