289 4 10
290 4 0
291 4 10
292 4 9
293 4 4
294 4 1
295 4 4
296 4 8
297 4 9
298 4 6
299 4 8
300 4 9
301 4 5
302 4 1
303 4 9
304 4 4
305 4 -1
306 4 -1
307 4 6
308 4 10
309 4 9
310 4 2
311 4 6
312 4 -1
313 4 0
314 4 1
315 4 0
316 4 10
317 4 -1
318 4 10
319 4 5
320 4 9
321 4 9
322 4 0
323 4 2
324 4 10
325 4 3
326 4 2
327 4 3
328 4 5
329 4 0
330 4 4
331 4 6
332 4 -1
333 4 3
334 4 6
335 4 2
336 4 5
337 4 7
338 4 4
339 4 0
340 4 7
341 4 3
342 4 9
343 4 -1
344 4 5
345 4 1
346 4 7
347 4 4
348 4 8
349 4 1
350 4 3
351 4 1
352 4 4
353 4 -1
354 4 6
355 4 3
356 4 5
357 4 5
358 4 1
359 4 -1
360 4 0
361 4 0
362 4 3
363 4 1
364 4 2
365 4 2
366 4 1
367 4 5
368 4 5
369 4 0
370 4 9
371 4 8
372 4 10
373 4 10
374 4 0
