289 4 5
290 4 0
291 4 7
292 4 7
293 4 4
294 4 1
295 4 3
296 4 6
297 4 3
298 4 0
299 4 8
300 4 2
301 4 5
302 4 1
303 4 4
304 4 1
305 4 7
306 4 7
307 4 2
308 4 6
309 4 7
310 4 4
311 4 2
312 4 4
313 4 -1
314 4 7
315 4 0
316 4 4
317 4 5
318 4 1
319 4 5
320 4 7
321 4 9
322 4 0
323 4 9
324 4 9
325 4 4
326 4 2
327 4 3
328 4 1
329 4 10
330 4 10
331 4 1
332 4 7
333 4 -1
334 4 0
335 4 8
336 4 5
337 4 3
338 4 4
339 4 0
340 4 5
341 4 5
342 4 7
343 4 2
344 4 2
345 4 8
346 4 5
347 4 7
348 4 9
349 4 4
350 4 7
351 4 9
352 4 7
353 4 0
354 4 4
355 4 8
356 4 2
357 4 0
358 4 3
359 4 3
360 4 7
361 4 6
362 4 9
363 4 6
364 4 0
365 4 10
366 4 4
367 4 5
368 4 2
369 4 6
370 4 9
371 4 3
372 4 5
373 4 5
374 4 6
