375 5 3
376 5 1
377 5 7
378 5 0
379 5 2
380 5 5
381 5 1
382 5 6
383 5 8
384 5 5
385 5 9
386 5 -1
387 5 6
388 5 -1
389 5 6
390 5 3
391 5 10
392 5 10
393 5 10
394 5 0
395 5 -1
396 5 2
397 5 10
398 5 0
399 5 9
400 5 4
401 5 4
402 5 7
403 5 1
404 5 4
405 5 6
406 5 1
407 5 1
408 5 1
409 5 2
410 5 -1
411 5 1
412 5 6
413 5 7
414 5 9
415 5 1
416 5 8
417 5 1
418 5 -1
419 5 -1
420 5 -1
421 5 5
422 5 9
423 5 1
424 5 1
425 5 4
426 5 5
427 5 8
428 5 9
429 5 3
430 5 -1
431 5 4
432 5 5
433 5 9
434 5 5
435 5 0
436 5 5
437 5 8
438 5 5
439 5 6
440 5 1
441 5 2
442 5 9
443 5 4
444 5 9
445 5 -1
446 5 9
447 5 2
448 5 -1
449 5 4
450 5 -1
451 5 4
452 5 1
453 5 8
454 5 0
455 5 9
456 5 10
457 5 3
458 5 7
459 5 2
460 5 0
461 5 7
