96 2 -1
97 2 10
98 2 -1
99 2 3
100 2 9
101 2 7
102 2 6
103 2 5
104 2 4
105 2 5
106 2 8
107 2 6
108 2 2
109 2 8
110 2 2
111 2 1
112 2 8
113 2 8
114 2 2
115 2 6
116 2 0
117 2 7
118 2 7
119 2 2
120 2 0
121 2 7
122 2 4
123 2 5
124 2 0
125 2 5
126 2 9
127 2 9
128 2 7
129 2 0
130 2 5
131 2 1
132 2 -1
133 2 8
134 2 5
135 2 8
136 2 7
137 2 8
138 2 2
139 2 4
140 2 5
141 2 3
142 2 0
143 2 -1
144 2 9
145 2 7
146 2 6
147 2 9
148 2 5
149 2 6
150 2 3
151 2 10
152 2 9
153 2 6
154 2 4
155 2 7
156 2 10
157 2 8
158 2 2
159 2 5
160 2 -1
161 2 10
162 2 7
163 2 7
164 2 3
165 2 7
166 2 0
167 2 10
168 2 6
169 2 8
170 2 0
171 2 10
172 2 4
173 2 8
174 2 3
175 2 7
176 2 0
177 2 0
178 2 4
179 2 1
180 2 6
181 2 1
182 2 2
183 2 10
184 2 7
185 2 3
186 2 3
187 2 3
188 2 3
189 2 0
190 2 1
191 2 10
192 2 9
193 2 3
