1 1 1
2 1 6
3 1 6
4 1 2
5 1 4
6 1 4
7 1 4
8 1 6
9 1 9
10 1 6
11 1 7
12 1 3
13 1 1
14 1 8
15 1 5
16 1 6
17 1 8
18 1 7
19 1 -1
20 1 5
21 1 2
22 1 6
23 1 0
24 1 3
25 1 2
26 1 1
27 1 4
28 1 2
29 1 5
30 1 3
31 1 3
32 1 9
33 1 4
34 1 3
35 1 0
36 1 4
37 1 2
38 1 1
39 1 0
40 1 2
41 1 5
42 1 7
43 1 10
44 1 5
45 1 0
46 1 -1
47 1 8
48 1 7
49 1 7
50 1 7
51 1 -1
52 1 2
53 1 -1
54 1 0
55 1 1
56 1 3
57 1 9
58 1 5
59 1 9
60 1 8
61 1 1
62 1 4
63 1 9
64 1 9
65 1 0
66 1 -1
67 1 0
68 1 1
69 1 -1
70 1 1
71 1 10
72 1 7
73 1 7
74 1 8
75 1 5
76 1 8
77 1 7
78 1 3
79 1 5
80 1 5
81 1 5
82 1 0
83 1 8
84 1 1
85 1 6
86 1 7
87 1 9
88 1 5
89 1 7
90 1 7
91 1 0
92 1 5
93 1 8
94 1 -1
95 1 -1
