194 3 3
195 3 -1
196 3 7
197 3 8
198 3 10
199 3 9
200 3 3
201 3 3
202 3 6
203 3 9
204 3 5
205 3 2
206 3 0
207 3 4
208 3 0
209 3 5
210 3 5
211 3 6
212 3 8
213 3 3
214 3 8
215 3 6
216 3 7
217 3 7
218 3 -1
219 3 10
220 3 10
221 3 -1
222 3 9
223 3 2
224 3 9
225 3 8
226 3 2
227 3 9
228 3 7
229 3 2
230 3 2
231 3 9
232 3 3
233 3 9
234 3 8
235 3 3
236 3 1
237 3 10
238 3 0
239 3 6
240 3 5
241 3 3
242 3 0
243 3 4
244 3 4
245 3 6
246 3 1
247 3 0
248 3 8
249 3 5
250 3 0
251 3 0
252 3 9
253 3 7
254 3 -1
255 3 7
256 3 9
257 3 4
258 3 -1
259 3 8
260 3 4
261 3 6
262 3 8
263 3 5
264 3 -1
265 3 0
266 3 10
267 3 6
268 3 3
269 3 8
270 3 2
271 3 6
272 3 -1
273 3 1
274 3 5
275 3 1
276 3 -1
277 3 9
278 3 5
279 3 1
280 3 7
281 3 -1
282 3 8
283 3 2
284 3 0
285 3 5
286 3 -1
287 3 8
288 3 1
