289 4 0
290 4 0
291 4 6
292 4 5
293 4 7
294 4 3
295 4 1
296 4 10
297 4 5
298 4 7
299 4 7
300 4 5
301 4 3
302 4 0
303 4 4
304 4 4
305 4 3
306 4 -1
307 4 5
308 4 1
309 4 -1
310 4 7
311 4 10
312 4 3
313 4 7
314 4 8
315 4 8
316 4 9
317 4 9
318 4 7
319 4 0
320 4 -1
321 4 10
322 4 10
323 4 3
324 4 1
325 4 9
326 4 6
327 4 1
328 4 10
329 4 -1
330 4 -1
331 4 5
332 4 5
333 4 9
334 4 7
335 4 -1
336 4 2
337 4 3
338 4 -1
339 4 5
340 4 4
341 4 8
342 4 3
343 4 0
344 4 -1
345 4 8
346 4 9
347 4 7
348 4 3
349 4 6
350 4 6
351 4 2
352 4 0
353 4 9
354 4 9
355 4 0
356 4 4
357 4 9
358 4 9
359 4 3
360 4 3
361 4 0
362 4 6
363 4 1
364 4 10
365 4 3
366 4 7
367 4 5
368 4 8
369 4 7
370 4 7
371 4 0
372 4 9
373 4 9
374 4 5
