289 4 2
290 4 5
291 4 2
292 4 4
293 4 7
294 4 4
295 4 -1
296 4 3
297 4 3
298 4 4
299 4 9
300 4 9
301 4 1
302 4 7
303 4 4
304 4 0
305 4 1
306 4 0
307 4 2
308 4 3
309 4 7
310 4 2
311 4 -1
312 4 1
313 4 2
314 4 0
315 4 3
316 4 1
317 4 2
318 4 5
319 4 3
320 4 5
321 4 10
322 4 3
323 4 10
324 4 0
325 4 2
326 4 5
327 4 7
328 4 5
329 4 10
330 4 7
331 4 8
332 4 0
333 4 8
334 4 3
335 4 1
336 4 3
337 4 -1
338 4 10
339 4 3
340 4 2
341 4 10
342 4 0
343 4 5
344 4 8
345 4 8
346 4 4
347 4 0
348 4 0
349 4 7
350 4 0
351 4 -1
352 4 5
353 4 -1
354 4 6
355 4 1
356 4 6
357 4 8
358 4 1
359 4 -1
360 4 7
361 4 0
362 4 7
363 4 -1
364 4 4
365 4 7
366 4 -1
367 4 4
368 4 4
369 4 5
370 4 6
371 4 9
372 4 7
373 4 -1
374 4 -1
