194 3 7
195 3 3
196 3 6
197 3 10
198 3 1
199 3 8
200 3 1
201 3 7
202 3 -1
203 3 9
204 3 8
205 3 6
206 3 3
207 3 0
208 3 0
209 3 8
210 3 -1
211 3 1
212 3 9
213 3 -1
214 3 9
215 3 9
216 3 6
217 3 5
218 3 4
219 3 3
220 3 2
221 3 8
222 3 5
223 3 3
224 3 3
225 3 6
226 3 8
227 3 9
228 3 3
229 3 9
230 3 3
231 3 6
232 3 7
233 3 2
234 3 2
235 3 9
236 3 1
237 3 0
238 3 5
239 3 5
240 3 6
241 3 9
242 3 10
243 3 7
244 3 4
245 3 5
246 3 0
247 3 8
248 3 6
249 3 -1
250 3 8
251 3 9
252 3 10
253 3 9
254 3 0
255 3 4
256 3 8
257 3 3
258 3 6
259 3 7
260 3 1
261 3 8
262 3 2
263 3 -1
264 3 3
265 3 1
266 3 9
267 3 2
268 3 5
269 3 8
270 3 1
271 3 2
272 3 7
273 3 5
274 3 -1
275 3 10
276 3 10
277 3 7
278 3 0
279 3 0
280 3 10
281 3 2
282 3 -1
283 3 -1
284 3 2
285 3 0
286 3 9
287 3 5
288 3 10
