375 5 -1
376 5 8
377 5 10
378 5 6
379 5 8
380 5 8
381 5 0
382 5 9
383 5 1
384 5 3
385 5 7
386 5 -1
387 5 4
388 5 5
389 5 7
390 5 5
391 5 0
392 5 2
393 5 5
394 5 5
395 5 10
396 5 5
397 5 4
398 5 7
399 5 4
400 5 3
401 5 0
402 5 6
403 5 9
404 5 0
405 5 6
406 5 3
407 5 2
408 5 -1
409 5 9
410 5 2
411 5 3
412 5 3
413 5 10
414 5 8
415 5 2
416 5 6
417 5 6
418 5 10
419 5 8
420 5 1
421 5 6
422 5 0
423 5 1
424 5 7
425 5 8
426 5 9
427 5 -1
428 5 1
429 5 5
430 5 6
431 5 0
432 5 3
433 5 -1
434 5 10
435 5 9
436 5 0
437 5 8
438 5 2
439 5 7
440 5 3
441 5 10
442 5 10
443 5 -1
444 5 5
445 5 2
446 5 9
447 5 2
448 5 8
449 5 -1
450 5 5
451 5 0
452 5 -1
453 5 4
454 5 -1
455 5 3
456 5 7
457 5 3
458 5 6
459 5 4
460 5 -1
461 5 9
