1 1 5
2 1 7
3 1 7
4 1 8
5 1 -1
6 1 3
7 1 8
8 1 0
9 1 4
10 1 9
11 1 5
12 1 0
13 1 6
14 1 8
15 1 7
16 1 6
17 1 2
18 1 6
19 1 3
20 1 7
21 1 2
22 1 7
23 1 10
24 1 7
25 1 1
26 1 1
27 1 0
28 1 7
29 1 3
30 1 0
31 1 5
32 1 9
33 1 8
34 1 5
35 1 0
36 1 7
37 1 2
38 1 4
39 1 2
40 1 1
41 1 10
42 1 0
43 1 1
44 1 9
45 1 5
46 1 9
47 1 10
48 1 4
49 1 0
50 1 0
51 1 10
52 1 8
53 1 2
54 1 9
55 1 10
56 1 4
57 1 10
58 1 6
59 1 6
60 1 1
61 1 0
62 1 4
63 1 10
64 1 7
65 1 5
66 1 1
67 1 9
68 1 7
69 1 7
70 1 1
71 1 7
72 1 1
73 1 8
74 1 1
75 1 3
76 1 0
77 1 4
78 1 9
79 1 6
80 1 7
81 1 10
82 1 6
83 1 6
84 1 0
85 1 10
86 1 1
87 1 -1
88 1 4
89 1 1
90 1 -1
91 1 -1
92 1 10
93 1 6
94 1 6
95 1 7
