375 5 9
376 5 6
377 5 2
378 5 0
379 5 3
380 5 2
381 5 3
382 5 10
383 5 4
384 5 0
385 5 5
386 5 6
387 5 3
388 5 10
389 5 4
390 5 8
391 5 7
392 5 5
393 5 7
394 5 0
395 5 3
396 5 4
397 5 4
398 5 7
399 5 3
400 5 0
401 5 10
402 5 2
403 5 -1
404 5 8
405 5 9
406 5 4
407 5 -1
408 5 0
409 5 3
410 5 4
411 5 10
412 5 -1
413 5 1
414 5 9
415 5 9
416 5 2
417 5 8
418 5 1
419 5 0
420 5 0
421 5 10
422 5 0
423 5 1
424 5 -1
425 5 0
426 5 2
427 5 5
428 5 5
429 5 1
430 5 4
431 5 3
432 5 1
433 5 6
434 5 6
435 5 8
436 5 0
437 5 10
438 5 9
439 5 1
440 5 9
441 5 2
442 5 0
443 5 8
444 5 5
445 5 5
446 5 6
447 5 6
448 5 -1
449 5 6
450 5 10
451 5 10
452 5 4
453 5 -1
454 5 4
455 5 -1
456 5 3
457 5 10
458 5 10
459 5 0
460 5 9
461 5 -1
