375 5 7
376 5 3
377 5 3
378 5 2
379 5 7
380 5 7
381 5 1
382 5 1
383 5 3
384 5 4
385 5 -1
386 5 6
387 5 4
388 5 7
389 5 7
390 5 10
391 5 9
392 5 5
393 5 10
394 5 -1
395 5 6
396 5 2
397 5 0
398 5 9
399 5 1
400 5 7
401 5 10
402 5 8
403 5 8
404 5 -1
405 5 0
406 5 7
407 5 3
408 5 8
409 5 5
410 5 6
411 5 3
412 5 5
413 5 0
414 5 8
415 5 8
416 5 8
417 5 9
418 5 7
419 5 4
420 5 1
421 5 9
422 5 0
423 5 6
424 5 1
425 5 6
426 5 4
427 5 2
428 5 1
429 5 3
430 5 10
431 5 7
432 5 4
433 5 5
434 5 4
435 5 7
436 5 8
437 5 8
438 5 -1
439 5 2
440 5 1
441 5 9
442 5 6
443 5 2
444 5 7
445 5 4
446 5 7
447 5 6
448 5 1
449 5 9
450 5 10
451 5 -1
452 5 8
453 5 -1
454 5 8
455 5 8
456 5 7
457 5 6
458 5 0
459 5 3
460 5 6
461 5 0
