289 4 3
290 4 10
291 4 0
292 4 -1
293 4 3
294 4 8
295 4 6
296 4 9
297 4 0
298 4 9
299 4 4
300 4 0
301 4 3
302 4 5
303 4 3
304 4 1
305 4 0
306 4 5
307 4 3
308 4 1
309 4 9
310 4 5
311 4 5
312 4 2
313 4 1
314 4 -1
315 4 2
316 4 4
317 4 10
318 4 3
319 4 3
320 4 2
321 4 9
322 4 8
323 4 1
324 4 9
325 4 1
326 4 3
327 4 0
328 4 0
329 4 6
330 4 10
331 4 8
332 4 0
333 4 8
334 4 3
335 4 -1
336 4 3
337 4 5
338 4 8
339 4 10
340 4 0
341 4 7
342 4 5
343 4 0
344 4 3
345 4 -1
346 4 9
347 4 5
348 4 8
349 4 2
350 4 0
351 4 1
352 4 9
353 4 10
354 4 1
355 4 3
356 4 5
357 4 10
358 4 4
359 4 9
360 4 3
361 4 4
362 4 1
363 4 6
364 4 4
365 4 0
366 4 9
367 4 3
368 4 2
369 4 2
370 4 5
371 4 1
372 4 -1
373 4 5
374 4 1
