96 2 9
97 2 3
98 2 4
99 2 2
100 2 2
101 2 7
102 2 9
103 2 8
104 2 -1
105 2 5
106 2 -1
107 2 -1
108 2 -1
109 2 1
110 2 2
111 2 2
112 2 7
113 2 5
114 2 -1
115 2 1
116 2 10
117 2 -1
118 2 10
119 2 2
120 2 6
121 2 8
122 2 4
123 2 1
124 2 6
125 2 7
126 2 3
127 2 3
128 2 9
129 2 6
130 2 10
131 2 7
132 2 6
133 2 3
134 2 1
135 2 5
136 2 7
137 2 6
138 2 1
139 2 1
140 2 7
141 2 7
142 2 0
143 2 7
144 2 6
145 2 8
146 2 3
147 2 5
148 2 3
149 2 2
150 2 9
151 2 4
152 2 1
153 2 5
154 2 1
155 2 5
156 2 9
157 2 1
158 2 1
159 2 0
160 2 5
161 2 7
162 2 9
163 2 4
164 2 2
165 2 1
166 2 3
167 2 -1
168 2 3
169 2 7
170 2 9
171 2 7
172 2 1
173 2 3
174 2 6
175 2 2
176 2 8
177 2 0
178 2 10
179 2 7
180 2 -1
181 2 7
182 2 0
183 2 6
184 2 0
185 2 -1
186 2 9
187 2 -1
188 2 0
189 2 3
190 2 3
191 2 2
192 2 6
193 2 2
