96 2 -1
97 2 8
98 2 10
99 2 9
100 2 5
101 2 2
102 2 10
103 2 4
104 2 7
105 2 0
106 2 8
107 2 6
108 2 6
109 2 4
110 2 10
111 2 3
112 2 0
113 2 5
114 2 10
115 2 3
116 2 -1
117 2 -1
118 2 3
119 2 9
120 2 9
121 2 4
122 2 4
123 2 3
124 2 8
125 2 -1
126 2 5
127 2 7
128 2 10
129 2 7
130 2 10
131 2 2
132 2 1
133 2 9
134 2 0
135 2 9
136 2 4
137 2 7
138 2 3
139 2 7
140 2 10
141 2 7
142 2 10
143 2 3
144 2 5
145 2 4
146 2 -1
147 2 6
148 2 0
149 2 8
150 2 10
151 2 3
152 2 10
153 2 1
154 2 1
155 2 4
156 2 6
157 2 9
158 2 6
159 2 6
160 2 2
161 2 10
162 2 1
163 2 5
164 2 0
165 2 8
166 2 6
167 2 2
168 2 5
169 2 8
170 2 -1
171 2 5
172 2 6
173 2 1
174 2 3
175 2 10
176 2 10
177 2 1
178 2 5
179 2 9
180 2 6
181 2 1
182 2 8
183 2 3
184 2 0
185 2 6
186 2 8
187 2 4
188 2 5
189 2 1
190 2 7
191 2 3
192 2 5
193 2 6
