194 3 10
195 3 3
196 3 1
197 3 9
198 3 -1
199 3 6
200 3 9
201 3 2
202 3 6
203 3 5
204 3 5
205 3 1
206 3 6
207 3 7
208 3 1
209 3 9
210 3 3
211 3 5
212 3 1
213 3 7
214 3 8
215 3 7
216 3 6
217 3 4
218 3 2
219 3 0
220 3 0
221 3 5
222 3 0
223 3 5
224 3 9
225 3 1
226 3 5
227 3 -1
228 3 3
229 3 5
230 3 1
231 3 1
232 3 6
233 3 1
234 3 8
235 3 0
236 3 1
237 3 0
238 3 3
239 3 2
240 3 -1
241 3 4
242 3 8
243 3 2
244 3 2
245 3 8
246 3 7
247 3 -1
248 3 8
249 3 3
250 3 4
251 3 9
252 3 6
253 3 2
254 3 1
255 3 4
256 3 2
257 3 10
258 3 9
259 3 -1
260 3 8
261 3 8
262 3 1
263 3 1
264 3 9
265 3 6
266 3 10
267 3 0
268 3 1
269 3 6
270 3 0
271 3 -1
272 3 8
273 3 7
274 3 4
275 3 2
276 3 -1
277 3 4
278 3 6
279 3 1
280 3 1
281 3 10
282 3 1
283 3 9
284 3 9
285 3 -1
286 3 3
287 3 0
288 3 -1
