375 5 7
376 5 -1
377 5 7
378 5 0
379 5 1
380 5 2
381 5 9
382 5 2
383 5 0
384 5 1
385 5 -1
386 5 9
387 5 10
388 5 4
389 5 7
390 5 9
391 5 6
392 5 4
393 5 7
394 5 6
395 5 5
396 5 -1
397 5 1
398 5 9
399 5 2
400 5 6
401 5 6
402 5 7
403 5 1
404 5 3
405 5 5
406 5 10
407 5 10
408 5 4
409 5 1
410 5 5
411 5 7
412 5 8
413 5 3
414 5 7
415 5 10
416 5 9
417 5 6
418 5 4
419 5 0
420 5 8
421 5 8
422 5 4
423 5 7
424 5 2
425 5 1
426 5 9
427 5 2
428 5 3
429 5 7
430 5 4
431 5 6
432 5 5
433 5 1
434 5 -1
435 5 10
436 5 6
437 5 2
438 5 2
439 5 9
440 5 3
441 5 7
442 5 0
443 5 5
444 5 3
445 5 10
446 5 5
447 5 8
448 5 8
449 5 6
450 5 10
451 5 10
452 5 5
453 5 2
454 5 5
455 5 9
456 5 7
457 5 1
458 5 4
459 5 5
460 5 1
461 5 0
