194 3 1
195 3 10
196 3 0
197 3 5
198 3 1
199 3 -1
200 3 2
201 3 2
202 3 9
203 3 -1
204 3 1
205 3 2
206 3 1
207 3 0
208 3 3
209 3 -1
210 3 10
211 3 2
212 3 10
213 3 -1
214 3 3
215 3 8
216 3 6
217 3 6
218 3 5
219 3 -1
220 3 4
221 3 6
222 3 5
223 3 0
224 3 9
225 3 0
226 3 8
227 3 1
228 3 0
229 3 6
230 3 9
231 3 1
232 3 7
233 3 -1
234 3 4
235 3 4
236 3 1
237 3 0
238 3 3
239 3 8
240 3 10
241 3 9
242 3 8
243 3 5
244 3 4
245 3 -1
246 3 5
247 3 4
248 3 1
249 3 1
250 3 8
251 3 3
252 3 10
253 3 9
254 3 1
255 3 1
256 3 7
257 3 -1
258 3 3
259 3 9
260 3 10
261 3 5
262 3 -1
263 3 8
264 3 2
265 3 10
266 3 8
267 3 5
268 3 0
269 3 1
270 3 6
271 3 5
272 3 0
273 3 5
274 3 6
275 3 5
276 3 6
277 3 3
278 3 3
279 3 8
280 3 4
281 3 0
282 3 3
283 3 9
284 3 6
285 3 6
286 3 1
287 3 1
288 3 6
