289 4 7
290 4 5
291 4 10
292 4 9
293 4 1
294 4 -1
295 4 9
296 4 6
297 4 1
298 4 10
299 4 0
300 4 3
301 4 7
302 4 8
303 4 9
304 4 3
305 4 0
306 4 7
307 4 4
308 4 4
309 4 3
310 4 5
311 4 3
312 4 -1
313 4 6
314 4 6
315 4 6
316 4 4
317 4 4
318 4 10
319 4 8
320 4 5
321 4 0
322 4 1
323 4 6
324 4 8
325 4 0
326 4 5
327 4 6
328 4 8
329 4 1
330 4 8
331 4 6
332 4 6
333 4 2
334 4 3
335 4 7
336 4 9
337 4 1
338 4 2
339 4 -1
340 4 1
341 4 5
342 4 1
343 4 5
344 4 4
345 4 3
346 4 9
347 4 7
348 4 10
349 4 8
350 4 5
351 4 8
352 4 0
353 4 6
354 4 4
355 4 6
356 4 0
357 4 -1
358 4 4
359 4 0
360 4 8
361 4 3
362 4 8
363 4 0
364 4 1
365 4 8
366 4 3
367 4 10
368 4 -1
369 4 5
370 4 10
371 4 0
372 4 4
373 4 -1
374 4 4
