194 3 6
195 3 8
196 3 7
197 3 7
198 3 6
199 3 7
200 3 2
201 3 9
202 3 8
203 3 5
204 3 0
205 3 8
206 3 8
207 3 4
208 3 7
209 3 9
210 3 6
211 3 1
212 3 5
213 3 9
214 3 4
215 3 1
216 3 -1
217 3 8
218 3 4
219 3 0
220 3 8
221 3 2
222 3 5
223 3 -1
224 3 8
225 3 -1
226 3 7
227 3 2
228 3 5
229 3 5
230 3 8
231 3 9
232 3 9
233 3 1
234 3 8
235 3 4
236 3 2
237 3 3
238 3 2
239 3 -1
240 3 4
241 3 10
242 3 9
243 3 4
244 3 9
245 3 4
246 3 9
247 3 7
248 3 7
249 3 8
250 3 0
251 3 3
252 3 10
253 3 -1
254 3 8
255 3 3
256 3 4
257 3 1
258 3 1
259 3 10
260 3 7
261 3 -1
262 3 4
263 3 8
264 3 7
265 3 2
266 3 2
267 3 1
268 3 1
269 3 2
270 3 7
271 3 0
272 3 8
273 3 6
274 3 6
275 3 5
276 3 3
277 3 6
278 3 7
279 3 1
280 3 7
281 3 3
282 3 0
283 3 -1
284 3 -1
285 3 10
286 3 1
287 3 3
288 3 6
