1 1 6
2 1 5
3 1 0
4 1 8
5 1 5
6 1 -1
7 1 3
8 1 9
9 1 10
10 1 10
11 1 -1
12 1 8
13 1 8
14 1 7
15 1 1
16 1 -1
17 1 10
18 1 5
19 1 1
20 1 1
21 1 2
22 1 9
23 1 10
24 1 4
25 1 6
26 1 7
27 1 9
28 1 9
29 1 9
30 1 3
31 1 4
32 1 10
33 1 3
34 1 7
35 1 5
36 1 -1
37 1 9
38 1 5
39 1 5
40 1 6
41 1 8
42 1 1
43 1 -1
44 1 0
45 1 8
46 1 3
47 1 6
48 1 8
49 1 8
50 1 -1
51 1 1
52 1 10
53 1 5
54 1 10
55 1 7
56 1 10
57 1 5
58 1 2
59 1 7
60 1 4
61 1 10
62 1 7
63 1 -1
64 1 0
65 1 0
66 1 5
67 1 10
68 1 7
69 1 4
70 1 2
71 1 3
72 1 1
73 1 0
74 1 8
75 1 4
76 1 3
77 1 0
78 1 0
79 1 0
80 1 5
81 1 10
82 1 2
83 1 5
84 1 8
85 1 5
86 1 1
87 1 10
88 1 5
89 1 -1
90 1 0
91 1 1
92 1 1
93 1 10
94 1 7
95 1 5
