96 2 4
97 2 10
98 2 6
99 2 8
100 2 9
101 2 0
102 2 6
103 2 10
104 2 8
105 2 4
106 2 10
107 2 5
108 2 10
109 2 1
110 2 4
111 2 6
112 2 5
113 2 -1
114 2 3
115 2 9
116 2 1
117 2 8
118 2 9
119 2 8
120 2 4
121 2 1
122 2 3
123 2 6
124 2 5
125 2 4
126 2 2
127 2 6
128 2 6
129 2 8
130 2 6
131 2 1
132 2 6
133 2 7
134 2 2
135 2 0
136 2 10
137 2 3
138 2 6
139 2 7
140 2 8
141 2 7
142 2 9
143 2 4
144 2 10
145 2 6
146 2 -1
147 2 0
148 2 1
149 2 8
150 2 4
151 2 9
152 2 10
153 2 4
154 2 3
155 2 8
156 2 2
157 2 9
158 2 2
159 2 2
160 2 2
161 2 4
162 2 7
163 2 6
164 2 2
165 2 3
166 2 0
167 2 2
168 2 0
169 2 6
170 2 9
171 2 7
172 2 6
173 2 8
174 2 2
175 2 6
176 2 4
177 2 8
178 2 3
179 2 5
180 2 3
181 2 2
182 2 3
183 2 4
184 2 1
185 2 -1
186 2 10
187 2 6
188 2 6
189 2 6
190 2 8
191 2 8
192 2 6
193 2 10
