96 2 1
97 2 3
98 2 3
99 2 7
100 2 7
101 2 5
102 2 4
103 2 -1
104 2 4
105 2 1
106 2 -1
107 2 4
108 2 0
109 2 10
110 2 3
111 2 1
112 2 0
113 2 7
114 2 1
115 2 -1
116 2 -1
117 2 2
118 2 7
119 2 -1
120 2 9
121 2 9
122 2 6
123 2 9
124 2 9
125 2 9
126 2 10
127 2 -1
128 2 8
129 2 3
130 2 6
131 2 5
132 2 -1
133 2 3
134 2 -1
135 2 -1
136 2 9
137 2 4
138 2 3
139 2 6
140 2 3
141 2 0
142 2 6
143 2 4
144 2 10
145 2 6
146 2 2
147 2 2
148 2 3
149 2 6
150 2 0
151 2 8
152 2 6
153 2 10
154 2 -1
155 2 2
156 2 8
157 2 4
158 2 5
159 2 2
160 2 10
161 2 -1
162 2 4
163 2 0
164 2 7
165 2 6
166 2 5
167 2 -1
168 2 7
169 2 7
170 2 6
171 2 -1
172 2 -1
173 2 9
174 2 7
175 2 9
176 2 9
177 2 -1
178 2 -1
179 2 8
180 2 9
181 2 10
182 2 4
183 2 7
184 2 10
185 2 1
186 2 2
187 2 0
188 2 10
189 2 3
190 2 4
191 2 8
192 2 8
193 2 6
