96 2 2
97 2 7
98 2 -1
99 2 0
100 2 2
101 2 1
102 2 8
103 2 10
104 2 -1
105 2 2
106 2 9
107 2 8
108 2 9
109 2 0
110 2 6
111 2 8
112 2 7
113 2 0
114 2 3
115 2 3
116 2 8
117 2 2
118 2 -1
119 2 2
120 2 3
121 2 4
122 2 10
123 2 8
124 2 6
125 2 0
126 2 1
127 2 7
128 2 5
129 2 -1
130 2 0
131 2 1
132 2 5
133 2 -1
134 2 6
135 2 9
136 2 7
137 2 5
138 2 10
139 2 10
140 2 7
141 2 4
142 2 2
143 2 8
144 2 5
145 2 -1
146 2 4
147 2 9
148 2 7
149 2 1
150 2 2
151 2 0
152 2 3
153 2 1
154 2 10
155 2 2
156 2 9
157 2 -1
158 2 3
159 2 5
160 2 1
161 2 10
162 2 8
163 2 2
164 2 5
165 2 1
166 2 3
167 2 10
168 2 0
169 2 8
170 2 -1
171 2 9
172 2 -1
173 2 5
174 2 -1
175 2 0
176 2 7
177 2 -1
178 2 2
179 2 10
180 2 6
181 2 3
182 2 3
183 2 9
184 2 7
185 2 6
186 2 5
187 2 7
188 2 7
189 2 3
190 2 5
191 2 0
192 2 9
193 2 -1
