1 1 2
2 1 7
3 1 4
4 1 5
5 1 9
6 1 10
7 1 7
8 1 9
9 1 7
10 1 9
11 1 0
12 1 4
13 1 4
14 1 2
15 1 0
16 1 9
17 1 6
18 1 3
19 1 5
20 1 7
21 1 2
22 1 2
23 1 0
24 1 9
25 1 6
26 1 9
27 1 4
28 1 3
29 1 0
30 1 5
31 1 9
32 1 4
33 1 4
34 1 4
35 1 2
36 1 2
37 1 -1
38 1 7
39 1 4
40 1 3
41 1 6
42 1 9
43 1 1
44 1 9
45 1 7
46 1 2
47 1 10
48 1 4
49 1 7
50 1 3
51 1 9
52 1 9
53 1 0
54 1 3
55 1 7
56 1 3
57 1 9
58 1 9
59 1 10
60 1 10
61 1 1
62 1 5
63 1 7
64 1 3
65 1 1
66 1 1
67 1 2
68 1 -1
69 1 -1
70 1 4
71 1 7
72 1 9
73 1 8
74 1 2
75 1 10
76 1 3
77 1 5
78 1 3
79 1 2
80 1 1
81 1 9
82 1 6
83 1 -1
84 1 8
85 1 -1
86 1 6
87 1 10
88 1 6
89 1 3
90 1 0
91 1 2
92 1 7
93 1 4
94 1 4
95 1 6
