96 2 8
97 2 0
98 2 0
99 2 4
100 2 1
101 2 2
102 2 0
103 2 1
104 2 4
105 2 0
106 2 8
107 2 4
108 2 9
109 2 7
110 2 4
111 2 5
112 2 9
113 2 6
114 2 10
115 2 0
116 2 4
117 2 4
118 2 2
119 2 3
120 2 2
121 2 2
122 2 -1
123 2 5
124 2 2
125 2 9
126 2 5
127 2 5
128 2 9
129 2 4
130 2 3
131 2 7
132 2 2
133 2 7
134 2 1
135 2 6
136 2 10
137 2 8
138 2 4
139 2 6
140 2 -1
141 2 5
142 2 7
143 2 8
144 2 6
145 2 -1
146 2 3
147 2 9
148 2 10
149 2 6
150 2 -1
151 2 4
152 2 5
153 2 -1
154 2 1
155 2 0
156 2 1
157 2 3
158 2 4
159 2 -1
160 2 4
161 2 1
162 2 2
163 2 4
164 2 0
165 2 7
166 2 3
167 2 0
168 2 10
169 2 9
170 2 5
171 2 8
172 2 0
173 2 8
174 2 8
175 2 2
176 2 6
177 2 -1
178 2 9
179 2 3
180 2 10
181 2 5
182 2 3
183 2 4
184 2 -1
185 2 10
186 2 6
187 2 10
188 2 4
189 2 3
190 2 7
191 2 1
192 2 3
193 2 1
