289 4 4
290 4 9
291 4 4
292 4 8
293 4 3
294 4 -1
295 4 3
296 4 5
297 4 0
298 4 10
299 4 6
300 4 6
301 4 6
302 4 10
303 4 0
304 4 1
305 4 2
306 4 2
307 4 3
308 4 6
309 4 8
310 4 7
311 4 7
312 4 -1
313 4 1
314 4 3
315 4 4
316 4 4
317 4 6
318 4 4
319 4 9
320 4 2
321 4 3
322 4 2
323 4 9
324 4 8
325 4 7
326 4 4
327 4 9
328 4 2
329 4 4
330 4 -1
331 4 9
332 4 2
333 4 7
334 4 0
335 4 0
336 4 8
337 4 1
338 4 9
339 4 2
340 4 1
341 4 9
342 4 0
343 4 5
344 4 0
345 4 1
346 4 8
347 4 0
348 4 2
349 4 1
350 4 1
351 4 9
352 4 0
353 4 3
354 4 7
355 4 7
356 4 3
357 4 9
358 4 2
359 4 4
360 4 8
361 4 10
362 4 10
363 4 4
364 4 2
365 4 -1
366 4 2
367 4 5
368 4 1
369 4 3
370 4 10
371 4 8
372 4 1
373 4 9
374 4 10
