96 2 2
97 2 6
98 2 8
99 2 7
100 2 6
101 2 -1
102 2 10
103 2 3
104 2 7
105 2 3
106 2 1
107 2 9
108 2 8
109 2 2
110 2 -1
111 2 1
112 2 2
113 2 5
114 2 1
115 2 9
116 2 5
117 2 1
118 2 9
119 2 -1
120 2 0
121 2 7
122 2 0
123 2 4
124 2 9
125 2 5
126 2 3
127 2 8
128 2 3
129 2 8
130 2 5
131 2 -1
132 2 0
133 2 8
134 2 2
135 2 7
136 2 3
137 2 1
138 2 8
139 2 0
140 2 7
141 2 0
142 2 3
143 2 1
144 2 6
145 2 6
146 2 9
147 2 9
148 2 8
149 2 1
150 2 7
151 2 3
152 2 0
153 2 2
154 2 2
155 2 6
156 2 1
157 2 6
158 2 5
159 2 10
160 2 3
161 2 5
162 2 3
163 2 4
164 2 5
165 2 8
166 2 7
167 2 0
168 2 4
169 2 -1
170 2 5
171 2 1
172 2 2
173 2 0
174 2 9
175 2 6
176 2 -1
177 2 7
178 2 6
179 2 1
180 2 9
181 2 3
182 2 8
183 2 5
184 2 6
185 2 10
186 2 3
187 2 9
188 2 8
189 2 1
190 2 8
191 2 -1
192 2 -1
193 2 -1
