289 4 7
290 4 -1
291 4 0
292 4 0
293 4 4
294 4 3
295 4 3
296 4 4
297 4 3
298 4 0
299 4 -1
300 4 1
301 4 3
302 4 3
303 4 4
304 4 7
305 4 -1
306 4 6
307 4 2
308 4 7
309 4 3
310 4 5
311 4 9
312 4 4
313 4 5
314 4 3
315 4 10
316 4 4
317 4 6
318 4 3
319 4 3
320 4 -1
321 4 2
322 4 1
323 4 6
324 4 10
325 4 6
326 4 8
327 4 1
328 4 8
329 4 0
330 4 5
331 4 9
332 4 8
333 4 8
334 4 6
335 4 8
336 4 2
337 4 9
338 4 10
339 4 -1
340 4 3
341 4 8
342 4 7
343 4 6
344 4 0
345 4 10
346 4 2
347 4 4
348 4 2
349 4 6
350 4 9
351 4 6
352 4 10
353 4 1
354 4 5
355 4 7
356 4 0
357 4 10
358 4 7
359 4 2
360 4 10
361 4 10
362 4 3
363 4 7
364 4 -1
365 4 8
366 4 1
367 4 1
368 4 1
369 4 7
370 4 9
371 4 4
372 4 0
373 4 5
374 4 0
