70 1 14
268 3 14
80 1 15
59 1 16
218 3 16
25 1 17
383 5 17
302 4 18
300 4 19
15 1 20
90 1 20
95 1 20
154 2 20
228 3 20
37 1 21
238 3 21
329 4 21
358 4 21
281 3 22
326 4 22
381 5 22
406 5 22
61 1 23
273 3 23
304 4 23
181 2 24
182 2 24
222 3 24
236 3 24
350 4 24
151 2 25
207 3 25
243 3 25
327 4 25
459 5 25
55 1 26
155 2 26
189 2 26
230 3 26
277 3 26
322 4 26
328 4 26
88 1 27
135 2 27
175 2 27
211 3 27
24 1 28
115 2 28
404 5 28
68 1 29
112 2 29
267 3 29
271 3 29
278 3 29
297 4 29
340 4 29
366 4 29
369 4 29
422 5 29
425 5 29
324 4 30
407 5 30
78 1 31
109 2 31
113 2 31
120 2 31
149 2 31
203 3 31
389 5 31
100 2 32
123 2 32
251 3 32
286 3 32
316 4 32
348 4 32
362 4 32
397 5 32
440 5 32
444 5 32
39 1 33
42 1 33
184 2 33
208 3 33
287 3 33
337 4 33
392 5 33
394 5 33
438 5 33
40 1 34
58 1 34
105 2 34
158 2 34
205 3 34
307 4 34
351 4 34
361 4 34
368 4 34
412 5 34
419 5 34
426 5 34
137 2 35
163 2 35
253 3 35
254 3 35
349 4 35
413 5 35
423 5 35
460 5 35
148 2 36
250 3 36
293 4 36
384 5 36
1 1 37
13 1 37
23 1 37
35 1 37
111 2 37
196 3 37
223 3 37
318 4 37
325 4 37
354 4 37
371 4 37
436 5 37
21 1 38
138 2 38
162 2 38
165 2 38
232 3 38
241 3 38
248 3 38
264 3 38
319 4 38
9 1 39
14 1 39
76 1 39
82 1 39
126 2 39
142 2 39
303 4 39
457 5 39
72 1 40
74 1 40
190 2 40
194 3 40
195 3 40
315 4 40
355 4 40
382 5 40
437 5 40
453 5 40
41 1 41
64 1 41
164 2 41
289 4 41
308 4 41
346 4 41
29 1 42
50 1 43
52 1 43
127 2 43
147 2 43
168 2 43
178 2 43
270 3 43
342 4 43
352 4 43
377 5 43
447 5 43
44 1 44
47 1 44
121 2 44
139 2 44
186 2 44
217 3 44
442 5 44
4 1 45
192 2 45
272 3 45
310 4 45
12 1 46
38 1 46
87 1 46
124 2 46
226 3 46
269 3 46
367 4 46
379 5 46
10 1 47
141 2 47
291 4 47
323 4 47
336 4 47
387 5 47
398 5 47
400 5 47
7 1 48
103 2 48
173 2 48
212 3 48
266 3 48
296 4 48
385 5 48
414 5 48
130 2 49
357 4 49
370 4 49
411 5 49
260 3 50
441 5 50
220 3 51
255 3 51
393 5 51
401 5 51
341 4 52
331 4 53
2 1 54
8 1 54
26 1 54
179 2 54
280 3 54
3 1 55
17 1 55
75 1 55
156 2 55
256 3 55
429 5 55
77 1 56
204 3 56
235 3 56
242 3 56
201 3 57
214 3 57
360 4 57
206 3 58
298 4 59
390 5 59
136 2 61
229 3 62
416 5 65
197 3 66
128 2 68
